Word,Score
fire alarm systems,0.0850686009054932
Fire protection systems,0.08408425632633368
fire hose systems,0.08144286588534802
kitchen fire systems,0.08134695673188308
fire alarm systems range,0.07955678506291501
security systems,0.07452727116942835
service sprinkler systems,0.07376908323454925
sprinkler systems,0.07285265047885206
new systems,0.07079287453323378
systems,0.07055964292284381
Fire Fighter,0.06973210203226413
system integration,0.0674727576365233
complex systems,0.06740844405790022
system failure,0.06731579842488165
ALARM SYSTEMS Building fire alarm systems range,0.06713157074617807
voice evacuation systems,0.06705298620425097
Intrusion detection systems,0.06702364015981084
full alarm detection systems,0.06668261005289916
card access systems,0.06648236305837428
fire safety equipment,0.06615644015550563
Fire Fighter Sales,0.06506401861276231
IP video systems,0.06443332228284437
fire extinguishers,0.06436746792349768
Anti-freeze systems,0.06337397434818173
Accessories Fire Fighter,0.06253543835709158
EQUIPMENT Fire Fighter,0.062176089360390374
Fire alarm monitoring,0.0611764820546835
Emergency Lighting Fire Fighter,0.06098839340331681
INTRUSION Intrusion detection systems,0.06086681318279365
clean agent suppression systems,0.06039475101131975
Industries Served Fire Fighter,0.059779450442942264
fire,0.059706344178199575
fires,0.059706344178199575
Marine Fire Protection Systems,0.0594827196176925
fire pump,0.05903107597004477
fire pumps,0.05903107597004477
mass notification alerting systems,0.058993123341902765
trusted fire protection solutions,0.05887254540112502
full fire protection,0.05884016658647778
Fire Protection,0.058827356093498206
fire hoses,0.058615563566602025
j Education Fire Fighter,0.057684895355442814
K fire,0.05758009611546505
servicing large vehicle suppression systems,0.0575708471941427
Fire,0.05639366108944314
Clean Agent Fire Protection Systems,0.05620155775233764
Paint Booth Fire Protection Systems,0.05609343696595031
Fire Extinguishers,0.05510590582911301
Eleven Eleven Media Fire Fighter,0.05487105575697311
Fire Hydrant annual testing,0.054583161162704556
Fire Pumps,0.05395941356390689
Appointment Only Industries Served Fire Fighter,0.053473116482801474
Kitchen Hood Fire Suppression Systems,0.05312093545387603
Site Fire Extinguisher Training,0.05226239496533323
Electronic Safety Fire Extinguisher,0.052005808513577494
Emergency Lighting Fire Extinguishers,0.051488620138504165
Annual Fire Pump testing,0.051095968839760655
your existing fire sprinkler systems,0.050520661418734646
a traditional fire alarm system,0.05045770526616715
the recommended fire alarm system,0.0504489335746071
your fire alarm system,0.050204841842611855
your fire alarm systems,0.050204841842611855
your fire sprinkler systems,0.049909749869023995
ON STAFF UNION SPRINKLER FITTERS Fire Fighter,0.04967108861592641
More Fire Fighter,0.04965096458634426
a fire protection system,0.049623912294114426
hours emergency service,0.04910006475455417
a dual agent fire extinguishing system,0.04811508834918
Detection Systems Sprinkler Systems,0.04811007009424136
Site Fire Extinguisher Training Train,0.047501694356669864
Detection Systems Sprinkler Systems Exit,0.04680384703068949
property loss,0.045584612007678896
integrated safety and security systems,0.04461241484807661
Fire Fighter Sales & Service Company,0.04376489258785578
BUSINESS HOURS,0.04275702213971694
business hours,0.04275702213971694
Fire Fighter Sales and Service Company,0.04263436397696828
sprinkler equipment,0.042525906310692224
a new pre-piped kitchen hood system,0.04217278201631911
Detection Systems Fire Fighter’s,0.04203364192281406
More Fire Fighter Sales & Service Company,0.04203199946926266
property,0.041731017730824285
Electronic Safety Systems,0.04162964642120895
Fire Fighter Sales & Service Co.,0.04147552784101387
Learn More Fire Fighter Sales & Service Company,0.04129166287721181
greater security,0.04128728014998927
Sprinkler Systems,0.041287047701001084
the spoken message voice evacuation systems,0.040988161146598895
Emergency Lighting Systems,0.04091970729273582
Fire Fighter’s expert staff,0.04058315725467372
Fire Fighter’s professional staff,0.04051442190778722
repairs and services fire extinguishers,0.040495612651500056
specific code requirements,0.040401986925002326
Inspection and Maintenance Services Fire Fighter,0.04038652422386334
Fire Fighter Offers The Following Types,0.04033387545969453
real time,0.03998183603279963
A proper air filtration system,0.03994683057976566
Fire Fighter’s complete installation,0.039890962860511935
EMERGENCY LIGHTING,0.03952707759675575
emergency lighting,0.03952707759675575
these safety systems,0.03939275483713783
healthcare facilities,0.0393021731442698
healthcare facility,0.0393021731442698
emergency lights,0.03927015834135179
a card access system,0.039235822467291244
your fire safety equipment,0.039043472909202424
designated security personnel,0.03900526015866054
Detection Systems,0.03885965171847065
SYSTEMS EMERGENCY LIGHTING,0.03877866333356925
quality AMEREX extinguishers,0.03866872240180351
standard and special hazard systems,0.03863906079588393
All sprinkler systems,0.038635952385757254
facilities,0.038458961447067695
facility,0.038458961447067695
2023 Fire Fighter Sales,0.03839875969898023
Fire Fighter’s experts,0.038241413263486596
Foam Systems,0.03811269990341051
your fire pump equipment functions,0.03797125747341655
Deluge Systems,0.037909847595200746
Fire Fighter’s technology,0.03788367209059889
FIRE EXTINGUISHERS,0.037871669950428545
All clean agent systems,0.03780885566208639
Dry Systems,0.03780572093041025
Wet Systems,0.03766236424863771
Office Buildings,0.037643977081120335
a standard compliant structured cabling system,0.037427555108538235
other specialty extinguishers,0.037410371036057946
Fire Fighter’s professionals,0.03726725333346504
educational facilities,0.03724252978238461
air quality,0.037231198090537806
All system designs,0.03717258138157332
Access Control Systems,0.03716437926930696
business processes,0.037143308877638545
Fire Fighter’s mass notification offering,0.03714066205791799
Pre-action Systems,0.0371153751902893
A mass notification system,0.037008385207035616
Site by Eleven Eleven Media Fire Fighter,0.03698318384806574
water service,0.03693115181273117
an excellent Fire Fighter representative,0.036927487259696
psychiatric facility,0.03691331270536623
a fire alarm install,0.036888850206349647
"small, conventional systems",0.03687816814360966
Fire Fighter’s ASSE,0.03667948330125287
your intrusion systems,0.0363793678369762
buildings,0.03626299316130244
your existing systems,0.036207193246547885
a system analysis,0.03610054795046374
service,0.03584535657519859
services,0.03584535657519859
the charging system,0.035787669577377314
Cloudflare Email Protection,0.03571259590593251
Vehicle Chemical Systems,0.03565745870698192
Fire Fighter’s,0.03565734246446728
security,0.03563622043732294
security issues,0.03560794807255632
spare sprinkler boxes,0.035532211163263216
time,0.03517730120571162
safety,0.03504986911867379
Email addresses,0.03463711706337272
email addresses,0.03463711706337272
improved safety,0.034549067429120776
a fire alarm,0.03416952566722118
a fire extinguisher,0.03413600479238459
all fire extinguishers,0.03413600479238459
the National Fire Protection Association,0.03365285322880621
proper test dates,0.033493294023102645
pre-recorded messages,0.0334010639422499
extinguisher,0.033109209558930715
extinguishers,0.033109209558930715
traditional alarms,0.03310659598688035
OUR TEAM CUSTOMER SERVICE CONTACT US,0.03306381059806258
your portable fire suppressant products,0.03304690548380062
Home and Office Fire Protection,0.032922491911089535
Plain Old Telephone Service,0.032887206350844356
Voice evacuation technology,0.03268459041783647
other types,0.03266995750598342
Our systems,0.032590103068342195
These systems,0.032590103068342195
my system,0.032590103068342195
the system,0.032590103068342195
your system,0.032590103068342195
your systems,0.032590103068342195
Distributed Recipient Mass Notification Systems,0.032365676234730356
equipment,0.03228351341428329
sprinkler heads,0.03225132562272086
a real fire,0.032116080976401645
equipment frequency,0.032072105170649456
Service Experts,0.031991802613172415
high quality video,0.031988190510256705
different equipment,0.031968606008980126
Service Co.,0.03167794281014296
sprinkler,0.03150054059248484
cross-connection controls,0.0311988111803127
Service Years,0.03118241572975085
our detection and alarm systems,0.03112134265769152
OFFICE HOURS,0.031048350711068422
requirements,0.03099327107302514
other Industrial Facilities,0.030932091656035218
Indoor air,0.030918358057478196
"wet, dry, deluge sprinkler systems",0.03067985537826509
Email Protection,0.03058278006627635
Exit and Emergency Lighting Fire Fighter’s,0.030461499223079398
a simulated fire,0.030452237556803506
bright strobes lights,0.03038239642861608
other Educational Facilities,0.03033242618282291
other Healthcare Facilities,0.030149730163482165
intrusion detection,0.029976206529399356
access control,0.029863602901588224
Contact Us Contact Us Contact Us Contact Us,0.02984704865734071
cleaner air,0.02983505377727442
need,0.02976882521727097
needs,0.02976882521727097
protection,0.029721576978326645
airborne particles,0.02957605429707193
INSTALLATION,0.029431667133978292
installation,0.029431667133978292
Appointment Only OFFICE HOURS,0.029315595315817858
unauthorized personnel,0.029206694866548935
privacy areas,0.029169906710813563
the life safety services,0.029003624941964155
quality American,0.028946222912122985
electrical rooms,0.028918541906045515
wide area,0.028853229153513557
FIRE EXTINGUISHERS An annual visual inspection,0.028745507191754463
your Fire Pumps,0.02861630042991595
your your life safety and security systems,0.02860764208065982
card access,0.02851187543673319
FIRE EXTINGUISHERS FIRE ALARM SYSTEMS,0.02843315927463871
SPRINKLER SYSTEMS Complete Protection,0.0284287151726455
hours,0.028377845731035613
certified technician,0.028325928507052713
certified technicians,0.028325928507052713
Inspections,0.028321789657983844
inspection,0.028321789657983844
inspections,0.028321789657983844
Healthcare & Hospitals At Fire Fighter,0.028233453024840514
periodic inspection,0.027845513373971294
MORE INFORMATION,0.027830363957390514
automatic detection,0.027821189688485477
the required annual test forms,0.027799685778822428
other crisis,0.02766584553699606
email,0.027658166335642623
ROOM AIR FILTRATION Indoor air,0.027606128157694716
a fire,0.027577179106889577
Follow Follow Follow Follow Follow Follow,0.02756419150027052
evacuation,0.027431700309198784
Additional pressure testing,0.027288215330578305
Select Page Select Page FIRE EXTINGUISHERS,0.027281376516566994
additional testing,0.02715263167745737
FIRE ALARM SYSTEMS,0.027103857800703034
NEW INSTALLATION TESTING,0.02705860134111157
your specific business needs,0.027056709640575077
authorized areas,0.02703556919868275
any service portable service requests,0.027015485541204507
various types,0.026960723700388243
new keys,0.026880435977296203
acceptance testing,0.026854869068092514
annual,0.026803376645235646
Electronic Safety,0.026736673741852072
emergency or non-emergency event,0.02673104786110009
your required annual inspection,0.02670791292614514
Aura Air intelligent air filters,0.026648514317772095
Cloudflare Ray ID,0.026602204752112828
controlled access,0.026566890523968996
testing,0.026509310531827437
proper maintenance,0.0264399589369924
detection,0.026376583746895728
video management,0.026214183520191017
training,0.026131028289830913
Select Page Select Page DETECTION SYSTEMS,0.026048214164653603
minimal natural light,0.02598680492018341
detection links,0.02593522254940616
replacement batteries,0.025909470475468134
a semi-annual inspection,0.025882688176196506
Sprinkler Fitters Local Union,0.025863567759012326
exit signs,0.025853420866576802
a customized electronic security solution,0.02579896449668913
waste management machines,0.025746250921471696
unique design,0.025636751418313335
junction box,0.025618646197121443
your property code compliant,0.02560178428533193
FIRE EXTINGUISHERS INSTALLATION,0.02554564263165555
Cloudflare Ray,0.025539821662638934
Cloudflare,0.025461728154864655
Road Sprinkler Fitters Local Union,0.02542196593417949
Emergency Lighting,0.025404565057542253
a customized security solution,0.025336131770646978
Other benefits,0.02532556549476129
replacement units,0.02521384376618226
lighting,0.025168601485312664
standard and LED emergency lighting units,0.025035079562129352
Life Safety,0.025016159428817606
backflow prevention devices,0.02478623963601814
special offers,0.024716540072949628
data rooms,0.02469875702639683
the life safety industry,0.024650985769955624
personnel,0.024622220052107457
a good team,0.02450486069538018
Safety Engineers,0.024496834850959538
Years,0.024424237951624437
loss,0.024417690667353865
ACCESS,0.02438032910965892
access,0.02438032910965892
indoor and outdoor air quality,0.024026953239035965
our expert team members,0.023967062491921536
function,0.023960348360737894
more info,0.02372703737465994
Industrial Facilities,0.02371999147201913
SYSTEMS KITCHEN HOOD,0.02352231540151505
design,0.023420931170206338
Appointment Only FIRE FIGHTER SALES,0.023332695838004666
FIRE FIGHTER SALES,0.023330995187767063
combination signs,0.023322099572299318
the Pittsburgh tri-state area,0.02331281491486906
installs,0.023217188222115867
document control,0.02318649584165345
the life safety components,0.02318337171059397
organizations,0.023178329270613553
SERVICE,0.02312908069955355
Emergency Lights Exit Door Lock Batteries,0.023066422512576977
DETECTION SYSTEMS,0.02289123292658163
Educational Facilities,0.0227836872784756
easy Certificate,0.02277421567036839
a great team,0.022718142885553502
the most life and property protection,0.02269543134697829
experts,0.022638186529624005
FIRE EXTINGUISHER,0.022629437668003037
malicious bots,0.02260846279841368
FIRE PUMP,0.02250063767139371
Healthcare Facilities,0.022494450169460615
FIRE HOSE,0.022473495863220245
your emergency management processes,0.022326859578322384
special hazards,0.02228617768741789
technicians,0.022285590050145798
SPRINKLER SYSTEMS Inspections,0.022276021307393947
Site Burn Simulator Training Demonstration,0.022178739065356265
ON STAFF UNION SPRINKLER FITTERS FIRE PUMP,0.022166877643047332
Site Burn Simulator Training REQUEST,0.02211682528274208
the National Fire Protection Association (NFPA),0.022100206697708423
maintenance,0.02209979938781745
National Institute,0.0220179484513122
management,0.02198520897817869
hidden sensors,0.021958896873860118
"Office Buildings, Apartment Complexes",0.021942309123843956
Sprinkler Systems Our,0.02189576355341274
Commonwealth Drive,0.021852684734007997
EQUIPMENT Contact Us,0.02177916172314958
the best solution,0.021762189762810365
order,0.021569801319762827
Appointment Only DETECTION SYSTEMS,0.021522729309837896
battery reserve capacity,0.021497968874690347
Careers Exit Signs,0.02141481848987948
valuable news,0.021411085173647926
proprietary information,0.021388210163486746
proper changing,0.02136645822894902
complete repairs,0.021287047295446327
Follow Follow,0.021210252196761235
Staff Locations Locations Organizations,0.021204102394403502
real-time,0.021203570537310954
Cloudflare Email Protection You,0.021076463115201793
SPRINKLER INSTALLATION,0.02097852229125024
building occupants,0.020969465100401957
the right time,0.02096207387501167
KITCHEN HOOD SYSTEMS,0.02094677320699756
indoor and outdoor voice evacuation,0.020876117555776088
your healthcare facility,0.020843124859260747
video surveillance,0.02079452431985056
strobes,0.020760738118432754
An annual visual inspection,0.02069818986339315
signs,0.020694879743626486
Local Water Authority,0.020538636039423224
Joint Commission Accreditation,0.02044063116356018
due dates,0.020405664930643136
US,0.02034464495097771
Optical Turnstiles,0.020343025358693236
Sprinkler guidelines,0.020335185458225664
Exit Signs,0.02029114858996412
all business activity,0.020282461212379015
medical records,0.020278388892379026
Sprinkler,0.020278079369938376
privacy concerns,0.020276598155669522
poorly lit buildings,0.02024537828811607
replacement,0.020221352652723304
replacements,0.020221352652723304
Select Page,0.02021897295086054
extensive knowledge,0.020209213718495662
technology,0.020204847567639923
This safety product,0.020108619138436985
FIRE EXTINGUISHERS An,0.02008448597760512
The service people,0.020075917281369517
Contact,0.020066251140024517
Accessories EXIT,0.020047241060074415
remote indoor or outdoor spot lights,0.020022296267168956
Staff Locations Organizations,0.019918743013544706
jockey pumps,0.019894130599398256
door contacts,0.019879530936089643
industries,0.019770495436708245
the right equipment,0.0197637096898497
deactivate cards,0.019748728647260475
your air quality,0.019744824481139196
clearer images,0.019708001686917657
your specific needs,0.019691731770561792
mind,0.019657091648951654
network cameras,0.019622137619221443
Extensive cable networks,0.019530924473098933
the new installation,0.019529751605877048
an annual inspection,0.019497081634294942
NFPA,0.019317482953256766
your property,0.01927473145635876
mercoid switches,0.019223709468384094
your new replacement battery,0.019223353169905876
Engineering Technologies,0.01912762175763437
First,0.019125368826801954
first,0.019125368826801954
the building owners,0.019118831435217237
single sites,0.01908186929532292
Gentex,0.018984068836545926
date,0.01897263529817561
new or replacement units,0.018949570320129012
site,0.018862858522017006
occupants,0.018858644623345376
loud sirens,0.018832345481726694
minutes,0.018786157299027283
Photo ID Badge,0.018777803319766393
repairs,0.018741359403525743
your overall protection plan,0.01864249549510354
batteries,0.018609409978643857
computer labs,0.018593746524261094
continued operation,0.018590076636691745
24-hour monitoring service,0.018555124004777622
Privacy Area Security Sensors,0.01848373544543049
the e-mail address,0.01846510765707593
Only EXIT,0.018436169310488353
SPRINKLER INSTALLATION & SERVICE INSTALLATION,0.018402534597485108
pressure relief valves,0.01840018752203574
Many Industries,0.018388191617221328
this email address,0.018369105267197344
Eleven Eleven Media Office Buildings,0.01831112072920493
large global firms,0.018295659979756847
NFPA 13 requirements,0.018260257387666956
NFPA 25 requirements,0.018260257387666956
Train Your Team Without A Burn Permit,0.018235616538440136
Gate Control,0.018209599009675254
your commercial or industrial property,0.018196836543727942
a multi-faceted approach,0.018146997368205825
FIRE FIGHTER SALES & SERVICE,0.018119502202166723
employee productivity,0.01811746190460413
More  Manufacturing Industrial Processing,0.0181151206584272
industrial processing,0.018092491207710858
people,0.018090888058645217
a “live” fire,0.018090237374740203
Silent Knight,0.018008640880837687
EXIT,0.01799086557712637
Exit,0.01799086557712637
exit,0.01799086557712637
visible deterrents,0.017924579912330298
monitoring,0.01788453721769549
plan,0.01786992472983173
A Burn Permit,0.017846682268439686
EMERGENCY LIGHTING Exit,0.017797117784413702
the Pittsburgh Sprinkler Fitters Local Union,0.017784526544828996
 Property Management Office Buildings,0.017765849926942384
your facility,0.017763433395374378
function(){function d(){var b,0.01773995472101712
the very specific code requirements,0.017632872696232312
Our expert staff,0.017597354205077867
our expert staff,0.017597354205077867
PA,0.017577100958355074
a false alarm,0.017568155855647218
ALARM SYSTEMS Building,0.01756572017758399
vandalism and loss prevention,0.0175218678994588
System Sensor,0.017520607766981666
units,0.017501487195173703
Metal Detection,0.01747894343496536
Our professional staff,0.017444643177577483
Certificate,0.01743243399031283
Our team,0.017384602117349792
Your Team,0.017384602117349792
Your team,0.017384602117349792
a team,0.017384602117349792
our team,0.017384602117349792
your team,0.017384602117349792
System Failure,0.01736749933201212
live announcements,0.01736358091659579
these privacy concern areas,0.01735098589669792
Manufacturing Plants,0.01732442158646434
contamination,0.017303970725436452
the very best service,0.017290223873160513
excellence,0.017235128679947042
Staff Experts,0.01721106678958021
website,0.017145414309948863
an active alarm,0.01713517294827118
top-notch protection,0.01712751304719516
the best defense,0.017107746223637595
More  Property Management Office Buildings,0.017104141473442587
the best combination,0.01709465033965344
Our NICET certified technicians,0.01708631690015013
a great job,0.017074158096240796
risk,0.017065284503998433
PC screens,0.017056804969743128
industrial and commercial organizations,0.01705601721728793
Our union sprinkler fitters,0.0170311954809335
Facebook Instagram Facebook Instagram,0.01699683276483601
Clean Agent Halotron,0.01697138757696326
capabilities,0.016956673917750225
item,0.016891151627711418
INSPECTION AND MAINTENANCE SERVICES,0.01682652033590199
night,0.016767106100892562
Eleven Eleven Media,0.01676321928736552
all buildings,0.016749159090639617
the building,0.016749159090639617
your building,0.016749159090639617
completion,0.016709201851649765
Exit and Emergency Lighting,0.01655950042190336
these services,0.01655626101431122
Industrial Processing,0.016498889543588538
Your Security,0.016459665169911396
your security,0.016459665169911396
functionality,0.016459107672525418
News,0.01644319101396941
thermal imaging,0.01643354892260173
devices,0.016370472576511343
IP,0.01634674966088755
your business,0.016338950968880512
Cabinets,0.01628588956029362
cabinets,0.01628588956029362
compliance,0.016269423180204946
all times,0.016247699456385722
the time,0.016247699456385722
your equipment’s requirements,0.016240205517466338
HID Proximity Readers,0.01622416824295161
guys,0.01621172915793938
Your Safety,0.01618884109658197
the safety,0.01618884109658197
Phone,0.01618056958426029
Cabinets Inspection and Maintenance Services,0.016156340675804255
SPRINKLER EQUIPMENT,0.016150707057096293
sirens,0.016145332593382185
Steel Mills,0.016130602198469884
direction,0.01612109614197258
TipsDont,0.016063711222953914
construction company,0.016056408561598515
tips,0.01605479115757298
VOICE EVACUATION SYSTEMS,0.016041902529521153
irreplaceable artifacts,0.016010499896317344
cleanup,0.016009289128801354
FIRE ALARM SYSTEMS Our,0.015995853696014754
machine,0.01595146535626731
machines,0.01595146535626731
Our expert technicians,0.015883442741052765
spammers,0.01583525442264395
a free site survey,0.015769907309928746
the safest route,0.015755216433230655
company,0.01575098421305214
digital displays,0.01570345674589109
an annual basis,0.015667871815221945
residence,0.01564447452137464
Eleven Eleven Media Regular,0.015588335923225389
knowledge,0.015496421966924384
no unauthorized personnel,0.015489188997137308
an emergency,0.015486631451457473
"Regular, periodic inspection",0.015453820407832164
American Society of Safety Engineers,0.015377033836023096
Date,0.015374902203476941
all extinguishers,0.015292488841203503
a chaotic evacuation,0.015291429292958873
steel mills,0.015234570863945796
the right message,0.015207140484240465
text,0.015199175752374741
A visual inspection,0.015178977368700178
Learn More PREPARE TO PROTECT.,0.015120601468939432
ELECTRONIC SAFETY,0.01510856163166236
vehicle,0.015061544957015869
vehicles,0.015061544957015869
POTS,0.015049134231807445
Apartment Complexes,0.015044310647065628
Our certified technicians,0.015022092098056735
SPRINKLER,0.014991570122167452
an existing electrical connection,0.014982777071356652
license plates,0.014979117844926216
gauges,0.0149741475411468
 Property Management,0.014957579706298008
Served,0.014952984230329808
peace,0.014919044426990005
your equipment,0.014911116128098681
Potter,0.014859243860376826
these harmful particles,0.014804876808749489
standards,0.014789290440268532
communication,0.01477110092414214
DETECTION,0.014768784255477466
Sat,0.014735572648337823
791 Commonwealth Drive Warrendale,0.014726675052323938
"commercial, industrial, and education facilities",0.014696285539162838
their Life Safety initiatives,0.014693317672841941
NICET,0.014660775111877812
the right people,0.014555685102382322
facial recognition,0.014533593674794367
Our field personnel,0.014514361032685092
More  Property Management,0.014476967382626202
NFPA 2001 and manufactures requirements,0.014438369720764427
skills,0.014394371065020619
American Society,0.014387444798608751
your specific applications,0.014355460203806474
your requirements,0.014315178717662483
"remote viewing, recording and event management",0.014298058732928666
brackets,0.014277256437089863
Private Practices,0.014231531284352367
HALO Smart Sensors,0.014229534097889964
Contact Us,0.014187321239394148
private hydrants,0.014160551550883145
a complimentary survey,0.014159685575869036
Pittsburgh,0.014149045436153255
disaster,0.014138624227880113
Appointment,0.014128383560325492
manufacturing,0.014097956958828444
the first sign,0.014089515431379904
addition,0.01407839230592693
SURVEILLANCE,0.014026112821452575
damage,0.01400834678420183
Light The Way,0.01396980003958664
both the technical and customer service skills,0.013960904894604715
project concept,0.013927611421004219
simulation,0.01390736648260248
Private Schools,0.013833660755706608
College Campuses,0.013829948898297932
No need,0.013749631402120252
the need,0.013749631402120252
hydrant and backflow maintenance,0.013709098586585951
a site visit,0.013698219277121036
your organization’s needs,0.013691091225404274
the necessary steps,0.013670519584617544
"Gate Control, Metal Detection",0.013662037100059558
the necessary brackets,0.01360118973298587
trains,0.013600149786562269
the installation,0.013593904754001462
Chance,0.013504484458896859
| Site,0.01350288556521999
our Safety Director,0.013471761682301995
finish,0.013439879182259107
the technical functions,0.013405730533866823
mold,0.013375083605111365
a 30 second functionality test,0.013332915781658208
542 and Road Sprinkler Fitters Local Union,0.013263890255118834
clear and coherent direction,0.013258934826720142
self-install,0.013167593076902972
Firelite,0.013092083359844105
your inspection,0.013081274306375146
Learn More WHEN YOU NEED TO PROTECT YOUR COMPANY,0.013047975799037428
blackouts,0.013019611031509812
cartridges,0.013011522335772373
ON STAFF UNION,0.013004788708835072
Certification,0.012999197184829198
programs,0.01299856237539474
distribution,0.012924458094212315
an outstanding job,0.012904552197113514
Office,0.012873590396161594
adapters,0.012722046086624332
the latest industry trends,0.012702828908029868
Physical and Optical Turnstiles,0.012674505814642467
the appropriate technology,0.012663073563425638
Wheelock,0.012652947803263419
the appropriate message,0.012629476487968798
piping,0.012596052061612741
Aura Air,0.01255798037401141
the right fit,0.012555436602515999
fittings,0.012489536653140515
"Industrial Processing, Steel Mills",0.012489171287569056
NEED TO KNOW,0.012474601373812651
Our staff,0.012446622123619668
Your staff,0.012446622123619668
your staff,0.012446622123619668
a wide variety,0.012444827580365882
input/output linking,0.01243315837551109
keys,0.012387728091017314
bacteria,0.012308523978583374
our mailing list,0.012300386989937764
our licensed workshop,0.012286050618220511
the lives,0.012280066123240244
FIRE EXTINGUISHERS We,0.012244824969470066
All testing,0.012244126057265563
Our testing,0.012244126057265563
a similar way,0.012242574907939273
care,0.01223097250372579
Physical,0.0122226569262304
any unwanted activity,0.012209284526466274
an area,0.012132158804835938
that area,0.012132158804835938
SPRINKLER INSTALLATION & SERVICE For,0.012130628715431177
your Local Water Authority,0.012121264050971673
viruses,0.012081162593269452
a training,0.012069404973868485
alerts,0.012047331809719166
"791 Commonwealth Drive Warrendale, PA 15086 Phone",0.012037875887979863
the first step,0.012012314081543138
a 90-minute discharge test,0.011991485584925623
PA 15086 Phone,0.011945347527084508
American,0.011908917591808498
The First name,0.011888496623766348
top,0.011863926772512903
Site by Eleven Eleven Media,0.011834934076461053
Signs,0.01181210420599449
Site by Eleven Eleven Media Regular,0.011741768753950202
a large part,0.011722759949793557
rack,0.011677219594700281
A Free Consultation Years,0.011669114406641718
wrenches,0.011631939101707537
stations,0.011594003343571316
tabs,0.011461621724155354
Sat-Sun,0.011454062575221009
faculty,0.011450113684466216
fear,0.011426233550919195
j Education Public,0.011409279267630256
Mon - Fri,0.011407836459704543
Mon – Fri,0.011407836459704543
TESTING & REPAIRS NFPA,0.011397945508821955
forestry,0.01136547233845881
NFPA-25,0.011359833278697648
THERE,0.011335770150379974
Accessories,0.011333892278100877
Proud Member,0.01129785392326553
more centralized control,0.01129375722878146
five years,0.011281072284897475
the years,0.011281072284897475
twelve years,0.011281072284897475
RPZs,0.011251372400530462
ceiling,0.011235162650192847
spotlights,0.011228955807573883
ALL LINES TECHNOLOGY Morgantown Security,0.011223778651997666
programming,0.011196985252029073
bulbs,0.011171191356271048
the correct route,0.01116300492142524
the industry background,0.011157920244226384
FIRE EXTINGUISHERS & Cabinets Our,0.011116096134511503
platform,0.011114580490116035
your network capabilities,0.01108591922165623
entry,0.011079861895572859
graders,0.011065586382926849
DRMNS,0.011063088705634829
The Following Types,0.011059629931888594
ACTION,0.011045932981445954
a wide range,0.011036720020020216
detail,0.011008773274873452
Kidde,0.010973137782999505
schools,0.0109275873553155
gunshots,0.010924583318504332
all types,0.010910388034521467
any type,0.010910388034521467
consideration,0.010883563562337046
re,0.010877227081465107
Tips Schedule,0.010869946095131007
a first responder,0.010860582153013254
start,0.010842317030812659
Performance,0.01075672373420552
Thermal,0.010748752705704336
implementation,0.010730447505918995
SMS,0.010706187512194045
your organization,0.010705611715003614
"cellular, IP (internet protocol",0.01068239883972197
ACCESS SURVEILLANCE INTRUSION,0.010633198236878347
your existing occupancy,0.010621580131076
an extensive line,0.010619843191239153
mercoid,0.010616180664656945
smoke/heat/duct detectors,0.010612478644839886
well-trained technicians,0.010605499816050312
its own unique set,0.010575760628650824
notifies,0.010572593455086595
our Safety Director “Live,0.010534997314642398
the job,0.01051554547903259
power,0.010461657360789111
Our experts,0.010456130469474705
our experts,0.010456130469474705
car dealership,0.010452143931499007
INSTALLATION & REPAIRS Surface,0.010440013610019587
100%,0.01043170167144436
150%,0.01043170167144436
99.9%,0.01043170167144436
means,0.010431209828660597
More j Education Public & Private Schools,0.01041423417137737
Fike,0.010361023282901227
an attempted intrusion,0.010342642841433011
permission,0.010330483404358205
CARD ACCESS,0.010330090503253467
the proper format,0.01032022116093321
Our technicians,0.010293273131601059
 HealthCare & Hospitals Hospitals,0.010274677533455342
the maintenance,0.010207460100474505
students,0.010206441059280865
A Free Consultation,0.010197598637184472
the Many Inspection and Testing Services,0.010180307620160584
experience,0.010174941877934699
Home,0.010157265183257392
HD,0.010094625517957059
a hose removal,0.010072064728568843
a burn permit,0.009971215150228783
PRE,0.009911816362836215
Annual,0.009890313981544618
track,0.009872462001274515
The Way,0.009864409372258045
a way,0.009864409372258045
Click For A Free Consultation Years,0.009839811774006774
AMEREX,0.009832431965364163
4:30 p.m.,0.009823693328048158
a spoken keyword,0.009785788756367021
chance,0.009768035584450762
the event,0.009743614122334536
Our well-trained staff,0.009698814486612075
HealthCare & Hospitals Hospitals,0.009680031896585312
your front line,0.009607958635668276
an essential part,0.009562749529027666
cookies,0.00954718023510377
More PREPARE,0.009540465092207247
Notifier,0.00952952422388039
24-hour,0.009518218816439676
rebuilds,0.009504157002898228
servicing,0.00941607843749244
100% and 150%,0.009410540262678548
a recognized standard,0.00938141215027011
a camera or record conversations,0.009330739497070915
environmental changes,0.009226329731897596
all the necessary tools,0.009203274231484699
each visit,0.009176868471946707
Each industry,0.009131600689916619
These products,0.009108916415705442
the products,0.009108916415705442
DRY,0.00908733760560098
The techs,0.009087234977309844
Your tech,0.009087234977309844
Your techs,0.009087234977309844
our techs,0.009087234977309844
an early warning,0.009073344337382994
NFPA 2001,0.008922363186503043
a variety,0.008918860728980401
7:00 a.m.,0.008892813291607004
Click For A Free Consultation,0.008828147853174302
 Property Management YOUR,0.008827498225076147
all participants,0.008818202950523539
each participant,0.008818202950523539
REPAIRS,0.008815899439009841
assistance,0.008813932046427417
every inch,0.00876827622286764
the date,0.008763084877310628
your class A,0.008729763668325983
documentation,0.00871924979741736
the know,0.008706707750563045
our account rep,0.008701820371767666
a strong defense,0.008664362899496948
"Public & Private Schools, College Campuses",0.008613001590820821
Site by Eleven Eleven Media When,0.008597554187453385
All batteries,0.008595318288504112
", construction company",0.008515196531556038
Public & Private Schools,0.008480978101996748
7:00 a.m. - 3:00 p.m.,0.008452607011117417
7:00 a.m. - 4:30 p.m.,0.008452607011117417
CARD,0.008447677615933043
WET,0.008430303161892808
818190e1be83c351,0.008349589037323513
a plan,0.008253764682533358
Javascript,0.008204509944971818
all my years,0.00819213845376937
every three years,0.00819213845376937
OUR CUSTOMERS,0.008161372399396712
our customers,0.008161372399396712
your customers,0.008161372399396712
Proud,0.008127187448963827
glass,0.00811842703839294
Only ELECTRONIC SAFETY,0.008012524787792508
the process,0.008009293095376
the leading provider,0.007982373060166246
The website,0.007919127653773311
a website,0.007919127653773311
our capabilities,0.007831952200779039
the capabilities,0.007831952200779039
the office,0.007717657175113666
CABINETS,0.007687112786650688
phone,0.007675246967101441
modifications,0.007662578673607959
412-FIRE,0.007628842435857736
a part,0.00761156842461159
Your IP,0.0075491946784033695
a project assessment,0.007521038786252973
these sensors,0.007441012919825066
YOUR COMPANY,0.00727506798032576
Your company,0.00727506798032576
your current degree,0.007236041302502427
a range,0.007164565482631924
the knowledge,0.007157490715263859
the field,0.007101744153155353
the analysis,0.007070464990207523
Site by Eleven Eleven Media Don’t,0.007049062387907371
a deterrent,0.007036785078319444
Our professionals,0.007018453667111406
the professionals,0.007018453667111406
PREPARE,0.006969434144171715
a crew,0.006850463344096164
your employees,0.006841957936912423
that page,0.0068333712345870715
this page,0.0068333712345870715
Only INSPECTION AND MAINTENANCE SERVICES,0.006814806101142382
TESTING,0.006814586710287679
the changing,0.00678094593556666
today,0.006775115978495324
a secondary source,0.0066559656752944495
(888) 412-FIRE Email,0.006571153072328934
"~Sean, religious institution",0.006562110383578966
the form,0.0065546844236627905
the Pittsburgh,0.006535164153071463
The main difference,0.006532993671146734
Hospitals,0.006476170489129987
Schedule,0.006476170489129987
clients,0.006476170489129987
~Dan,0.006476170489129987
~Laura,0.006476170489129987
~Ryan,0.006476170489129987
7:00 a.m. -,0.006457822083623603
The Best Defense,0.006384614401350399
All backflow assemblies,0.006367910537709884
a free consultation,0.0063456253474398275
90-minute,0.006301068713494328
your occupancy,0.006300758830934479
The Perfect Solution,0.006261847430425114
a minimum,0.006239788066803978
your exposure,0.006239105187453991
HYDRANT & BACKFLOW,0.006090392287102265
no indication,0.005922374598178409
a proud distributor,0.005915100271260625
YOUR TENANTS’ SAFETY,0.005900851750251322
the-art,0.005891978088018145
every six and twelve years,0.0058152947503867704
its content,0.0057231282413066804
a sense,0.00570719820952968
the value,0.005598862980529973
all locks,0.005546417490215422
Pan/Tilt/Zoom,0.005497523286750183
all sizes,0.005484563325025758
the ability,0.005478005206727255
YOUR HANDS,0.005456579477901252
the Victaulic Vortex,0.005426224937537586
his game,0.005398859139433272
30 second,0.0053813518128216845
the signal,0.005377883784422358
an in-depth analysis,0.005315993339517151
no interruption,0.005281308616212282
the rest,0.005255088207606991
a challenge,0.005148112871996173
all cylinders,0.0050628515222301265
the wall,0.004986419117084106
the case,0.004976907602179909
(haulers,0.004958746303897303
(724) 720-6000 Toll Free,0.00493534310333487
The simple sound,0.004893000239165889
these locations,0.004861423483216278
the hazardous and flammable materials,0.004852746071844949
your budget,0.004792299579893749
a stock,0.004771462417561723
the most critical roles,0.004767458631925973
ONLY ONE NAME,0.004738263231644149
the premises,0.004727697574378326
the opportunity,0.004643995256551616
the insight,0.004640363259632422
all brands,0.004588947973220535
Each person,0.0044517444884171154
your browser,0.004293314231814503
your one-stop shop,0.00425546474955346
all aspects,0.004026740634916002
the paperwork,0.0035544232229839812
the work,0.003388609033260514
Our vans,0.0029912150201736867
The blare,0.0029912150201736867
13,0.0
1946,0.0
2023,0.0
25,0.0
412,0.0
47.23.108.122,0.0
542,0.0
669,0.0
720,0.0
720-6000,0.0
724,0.0
791,0.0
888,0.0
He,0.0
It,0.0
ONLY ONE,0.0
One,0.0
Some,0.0
They,0.0
This,0.0
Us,0.0
WHAT,0.0
We,0.0
YOU,0.0
You,0.0
all,0.0
annually,0.0
both,0.0
exactly what,0.0
he,0.0
it,0.0
me,0.0
monthly,0.0
one,0.0
so only those,0.0
that,0.0
them,0.0
these,0.0
they,0.0
this,0.0
us,0.0
we,0.0
which,0.0
who,0.0
you,0.0
~Ray,0.0
Fire Fighter,0.084302862659148
Fire Fighter Sales,0.08414586389847656
Fire Safety,0.0787373623581265
fire sprinkler systems,0.07852464013399756
Fire Extinguisher Service,0.07722750612683249
Fire Suppressions Systems,0.07680361738709762
Fire Protection,0.07585727730126668
Emergency Lighting Fire Fighter,0.0753935945369979
Marine Fire Protection Systems,0.07504940378837427
Fire,0.07457630158873109
Fire Safety Tips,0.07305658739595576
Fire Safety TipsIf,0.07305079817009515
Fire Safety TipsKeeping,0.07305079817009515
Fire Safety TipsAccording,0.0729758599700317
Fire Safety TipsEvery,0.0729758599700317
Fire Safety TipsNot,0.0729758599700317
Fire Safety TipsPittsburgh,0.07295515261860115
Fire Pumps,0.07125407811168474
fire safety,0.07098629677281595
Clean Agent Fire Protection Systems,0.07091327710293686
Paint Booth Fire Protection Systems,0.07073077727937727
Fire Safety Tips Pittsburgh,0.0706845676203925
Fire Extinguisher Service Technician Click,0.07060526447286315
Electronic Safety Fire Extinguisher,0.07032110847630206
Eleven Eleven Media Fire Fighter Sales,0.07019662181042989
ABC Fire Extinguishers,0.0696707530935778
Fire Safety Tips Keeping,0.06959833472275855
full fire protection,0.06913201010830025
Portable Fire Extinguishers,0.06896589262504235
Kitchen Hood Fire Suppression Systems,0.06872295618748554
fire hazards,0.06826306686949693
proper fire protection,0.06816013524922357
| Fire Safety TipsEvery workplace,0.06815642109245444
Clean Agent Fire Suppressions Systems,0.06779051277699215
Emergency Lighting Fire Extinguishers,0.06726396682616587
fire alarms,0.06716210723710696
trusted fire protection solutions,0.06708163794035803
Fires,0.06694795076325173
fires,0.06694795076325173
Email Anthony Email,0.06661608598073997
fire extinguishers,0.06639219361252914
fire safety measures,0.06625830204463315
fire pump,0.0662529756764983
fire pumps,0.0662529756764983
Email Russ Email,0.06430014450048324
Fire Hydrant annual testing,0.06412829932060968
service sprinkler systems,0.06388436286044068
Annual Fire Pump testing,0.06357668974884406
ON STAFF UNION SPRINKLER FITTERS Fire Fighter,0.06239727554170167
Email Nick Russ Weitzel Systems Service,0.06213225554886466
Email Russ Russ Weitzel Systems Service,0.062080497398564964
Email Anthony Customer Service,0.06058911747987983
Email Anthony Safety,0.060059912745688816
National Fire Incident Reporting System,0.05951924056479594
Sales Email,0.05937150860821453
Nick Systems Service,0.05892666345033662
Detection Systems Sprinkler Systems,0.058268882419214775
Email Mark Email Mark Samantha Chain,0.05774688513393957
Cloudflare Email Protection,0.05762175381993787
Weitzel Systems Service,0.057471236983279377
US Fire Fighter Sales & Service Company,0.057373507032141044
Fire Fighter Sales & Service Company,0.05651278934661997
Fire Fighter Sales and Service Company,0.05651278934661997
Detection Systems Sprinkler Systems Exit,0.056388004496522585
More Fire Fighter Sales & Service Company,0.05630050373250021
Learn More Fire Fighter Sales & Service Company,0.055397728432438904
Email Protection,0.05523471506648618
Email Anthony,0.0549480305906005
Fire Fighter Sales & Service Co.,0.05463107702970074
Fire Fighter Sales & Service Co,0.05410882746521957
Email Chuck Alley Williamson Service Department,0.05396378592604899
Email Anthony Anthony Falce,0.05381117169026104
Email Anthony Anthony Catroppo Operations,0.052707997782425464
Sprinkler Systems,0.052268507111638954
Samantha Email,0.051953153989498096
Mark Email,0.0517358785267609
Email Nick,0.051687639956424315
Email Alley,0.0516265526022954
Detection Systems Fire Fighter’s,0.05160685137431467
Fire Fighter Sale & Service Co.,0.05149567901222489
Email Chuck,0.0513980451086898
Email Russ Operations,0.050982798929580075
Email Andrea,0.05093343385646082
Email Russ Anthony Catroppo Operations,0.050532609656230625
Email Alley Andrea,0.050473121652098364
Email Andrea Andrea,0.04987541465046582
new systems,0.04976345665038123
2023 Fire Fighter Sales,0.04966027116663399
full alarm detection systems,0.049585570580329114
systems,0.049391550358627384
Email Mark Samantha Chain,0.04929697866703603
Anthony Customer Service,0.049110294872477464
Email Nick Mark Kania,0.049065546877792895
Email Nick Nick Bucsok,0.04903172610699442
Email Mark Mark Kania Director,0.04855616596148124
Email Chuck Chuck Muchoney,0.04849397214002842
Inspection and Maintenance Services Fire Fighter,0.04803950127089449
Fire Fighter’s professional staff,0.0478117274831709
Fire Fighter Offers The Following Types,0.047691014311574055
hours emergency service,0.047239225729428694
Fire Fighter’s experts,0.046774580470543316
your existing fire sprinkler systems,0.04657916366429071
your fire sprinkler systems,0.04634279977232809
Service Coordinator Click,0.04633912407542492
an excellent Fire Fighter representative,0.04617350032052099
| Fire Safety TipsLets talk,0.04606658102081264
Technician Systems,0.04600459498351473
Fire Fighter’s ASSE,0.045998495076294305
Wet Systems,0.045961793733691254
Anti-freeze systems,0.045911364068626226
Systems Technician Level,0.045901363192721964
Foam Systems,0.04587603095343444
Customer Service,0.04560024350606691
Deluge Systems,0.04545878476564655
Service Co.,0.045323349557334705
Dry Systems,0.04532270426688141
Fire Fighter’s,0.04470834439479131
clean agent suppression systems,0.04456379037542011
A Fire Safety Inspection Sep,0.04429452520794571
a dual agent fire extinguishing system,0.04403278849408962
Fire Safety Tips Lets,0.043955583119570846
water service,0.04393116676988647
servicing large vehicle suppression systems,0.04374295768778565
Pre-action Systems,0.04368367604917366
Service Experts,0.04365717727459571
a professional fire protection equipment supplier,0.04358786230572304
Surveillance Systems Mar,0.043558438338177984
Surveillance Systems Contact Us,0.04340311125610292
Service Years,0.04312990917785414
Fire Safety Tips Every,0.04311572515280509
Fire Safety Tips Not,0.04311572515280509
Service Co,0.043074856098676235
Fire Safety TipsLets,0.043068082337386245
the Workplace Fire Safety,0.043058973407488293
sprinkler equipment,0.042873415217266404
Vehicle Chemical Systems,0.042768620013216595
BUSINESS HOURS,0.04241155957176106
Company News,0.04236186808947756
Your Fire Protection Equipment Supplier,0.04233544543971238
Commercial Kitchen Hood Suppression Systems,0.04188383927175781
tagged 10# ABC Fire Extinguishers,0.04170643416169318
10# ABC Fire Extinguishers,0.04169035249379878
OUR TEAM CUSTOMER SERVICE CONTACT US,0.04145425825947574
property loss,0.04142742123920617
service,0.04125714149832673
services,0.04125714149832673
an annual fire safety inspection,0.040653503485379064
your fire safety education,0.0406157472458805
A Fire Extinguisher Aug,0.04022313030950426
Email addresses,0.039969099892991716
email addresses,0.039969099892991716
your fire pump equipment functions,0.03958258533406028
Electronic Safety,0.039417102396164395
Anthony Anthony Falce,0.03877048372396062
A Fire Extinguisher,0.03866113078116646
protection,0.038501468142026825
your Fire Pumps,0.03778818136497618
a fire alarm install,0.03746316442275544
Safety Engineers,0.037430997058481616
Exit and Emergency Lighting Fire Fighter’s,0.03677429355930722
spare sprinkler boxes,0.03673552310062601
Sprinkler Designer Click,0.036730476399482195
sprinkler heads,0.036498699963179344
details,0.03630880536379416
INSIGHTS FIRE SPRINKLER SYSTEMS,0.03630136665787983
Businesses,0.0362754443565837
businesses,0.0362754443565837
Contact Us Contact Us Contact Us Contact Us,0.036130632740356515
sprinkler,0.036054663859259
sprinklers,0.036054663859259
Your Fire Alarm System,0.03590039517602404
| FAQ,0.03536580969747858
Technician Systems Technician Level 1 Systems,0.03535503873563141
special hazards,0.03507352795949549
employee safety,0.03503614289612743
specific code requirements,0.034948787639403914
electrical rooms,0.03471586519019659
Russ Anthony Catroppo,0.034672575207483715
Russ Weitzel Anthony Catroppo,0.034524071731799555
safety,0.03445153130572447
full installation buildouts,0.03403198853624348
Cloudflare Email Protection You,0.034006566540782164
A Fire Safety Inspection 4 Reasons,0.033918635364980965
Electrical Lead Installer Click,0.033415384314703166
West Virginia,0.03321433539211319
Sprinkler Fitters Local Union,0.03311407241117349
| Site,0.033069228903238025
a reliable customer service department,0.032516515988983336
Road Sprinkler Fitters Local Union,0.03226058901347249
Electrical Installation Apprentice Click,0.03215431742181172
SPRINKLER SYSTEMS Complete Protection,0.03204611567852498
INSIGHTS FIRE,0.03194309895931316
special offers,0.03176883638061836
Anthony Falce,0.03166132041082844
Cloudflare Ray,0.031596750239856905
Cloudflare,0.031540276642392125
FIRE PROTECTION,0.03150799128705921
valuable news,0.03134300427905195
Emergency Exit Lighting,0.03127783357727957
a new pre-piped kitchen hood system,0.031265832447360385
Cloudflare Ray ID,0.03116701562711858
healthcare facility,0.031122259197523428
OUR TEAM,0.030939091714330003
a fire,0.030921933915885758
all fires,0.030921933915885758
data rooms,0.030748085354349627
Industry News,0.030674400778805278
Mark Mark Kania,0.03058159146772814
All sprinkler systems,0.030575578624259026
facility,0.030455375378849004
unforeseen hazards,0.030202602704959183
Installer Click,0.030155900688836813
Technician Click,0.030126682622248144
Sprinkler,0.0300400111831241
other types,0.030000738557742258
Follow Follow Follow Follow Follow,0.029975164382116018
psychiatric facility,0.0298914094597977
the U.S. Fire Administration’s,0.029556967367079336
INSTALLATION,0.029517422605532008
installation,0.029517422605532008
Sales Click,0.02950383598335438
US,0.02933280651506807
News,0.02928745563974106
Nick Russ,0.029174122119567596
Andrea Zerbini Chuck Muchoney,0.029122390900411185
your emergency service needs,0.029035410530237657
FIRE PUMP,0.028974632591392095
FIRE EXTINGUISHER,0.02894550526885288
FIRE EXTINGUISHERS,0.028937250803230084
Chuck Alley,0.028751219321804803
Andrea Chuck Muchoney,0.028732594190746055
commercial and industrial property,0.02870755385485178
2021 | Company News,0.028626525318656955
MSF Technician Click,0.02859643117282621
FIRE FIGHTER SALES,0.02852708004788751
Click,0.0284813569771466
SPRINKLER SYSTEMS,0.028458763784450967
email,0.028455234551649607
ON STAFF UNION SPRINKLER FITTERS FIRE PUMP,0.028436995913669272
Coordinator Click,0.028121973848706187
backflow preventer submissions,0.027871669616056208
OFFICE HOURS,0.027755079421537807
all the fire prevention products,0.027725736835186022
Sprinkler Systems Our,0.027719561865852893
equipment,0.027712040035641372
great care,0.027511706867899114
any other commercial property,0.027453445916993124
All clean agent systems,0.027430325261232832
emergency lighting,0.027278802574293833
Appointment Only FIRE FIGHTER SALES,0.027253467970280467
backflow prevention devices,0.027113874802389762
CRM Administrator Click,0.027101666233388392
Contact Us,0.027097974555267388
Training Videos,0.027023899498783553
malicious bots,0.02696162697996904
CURRENT CAREER OPPORTUNITIES,0.02695440956742495
SPRINKLER INSTALLATION,0.026743504036068847
various types,0.026705197933746337
Automated External Defibrillators Training Videos,0.026694376335784416
Select Page Select Page,0.026683302293608737
Appointment Only OFFICE HOURS,0.026665795959233525
hours,0.0266021628858457
Pittsburgh,0.026275047538726018
Appointment Only Training Videos,0.026211096340372997
order,0.02620521258725476
top-notch protection,0.026117257675899584
Years,0.026069729292537855
Mark Kania,0.025923690391923108
Nick Bucsok,0.025834662212072344
SERVICE,0.025719171662762347
education,0.025418258920228108
more than sixty service vehicles,0.025354422428161064
time,0.025133087909439703
cross-connection controls,0.02508201094597634
"wet, dry, deluge sprinkler systems",0.024881263161747488
the Pittsburgh Sprinkler Fitters Local Union,0.024707686215538763
PA,0.024652884329013844
Local Water Authority,0.02420318463499951
the most life and property protection,0.024193287135701624
Customer Service Your,0.02418318105517331
apartment building,0.0239157506236869
« Older Entries FIRE SPRINKLER SYSTEMS,0.02375916538329812
TipsDont,0.02368746137360301
website,0.023616204588315596
organizations,0.023568910625374605
Date,0.0235145251678158
the greater Pittsburgh PA region,0.02347766405915639
industrial and commercial organizations,0.023469570611794874
waste management machines,0.023241171062342914
Warrendale,0.023216106349375373
Eleven Eleven Media Aug,0.023110681847903967
Contact,0.023017183288914052
complete repairs,0.022993217463421246
Pennsylvania,0.022931366553844066
our expert team members,0.02292097283537588
the e-mail address,0.02284747345052086
Backflows Confined Space Entry,0.022842144999068923
my system,0.022812979916197185
the system,0.022812979916197185
Commonwealth Drive,0.022715668672150916
Eleven Eleven Media,0.022615095806457538
the life safety industry,0.022589431282658903
jockey pumps,0.022567475114752635
function(){function d(){var b,0.022549311161800215
tips,0.022485930140665623
Not all fires,0.02245502532914097
"over 37,000 fires",0.02245502532914097
a great team,0.022363315222719244
Select Page,0.022236085244673943
INSIGHTS NEWS,0.022231291524342757
our detection and alarm systems,0.02214833702329116
company,0.02214716612844924
construction company,0.022131009172150107
Staff Locations Locations Organizations,0.02208162166938131
American Society of Safety Engineers,0.022011864194666282
processing areas,0.02198292759160108
SPRINKLER INSTALLATION & SERVICE INSTALLATION,0.021977367988742072
Food Trucks Confined Space Entry,0.0219428844422504
The service people,0.021863353090336223
extinguishers,0.02183771240011697
Butler,0.02175240720979746
certified technicians,0.021699072379953527
vehicles,0.021625007119381753
pressure relief valves,0.0214753580401181
a good team,0.021468764062288436
the Pittsburgh tri-state area,0.021445519605934146
FIRE FIGHTER SALES & SERVICE,0.021326668386951582
a property’s,0.02132471013297972
SPRINKLER EQUIPMENT,0.021251234417753784
your commercial or industrial property,0.02122952237286651
code,0.021209725976626417
this email address,0.021196816179192716
Aqua America Incorporated,0.02114560643165272
life-changing tragedies,0.02113527284138521
Water Authority Changes,0.021030832296358683
testing,0.020939370781162724
computer labs,0.020867319843645597
Staff Locations Organizations,0.020837459379580967
spammers,0.020691647490098906
repairs,0.020690795719918827
More PREPARE,0.020645807305989756
security,0.02062302207845853
SPRINKLER,0.020395379306317934
24/7,0.0202146938713951
Ohio,0.02020827134916542
detection,0.020043763749761332
Older Entries,0.020031228263676006
Administration,0.01998744269180269
Cabinets Inspection and Maintenance Services,0.019986199571067342
Greater Pittsburgh Top Workplaces 2021 Award,0.019965811717516803
Facebook Instagram Facebook Instagram,0.019949765659337756
CAREERS CAREERS CAREERS,0.019906364577287918
irreplaceable artifacts,0.0196749485978785
more educational videos,0.0196667949938073
Security TipsJust,0.019636865371621563
Our union sprinkler fitters,0.01960189293151199
design,0.019587659738025027
expert,0.019495194390180784
experts,0.019495194390180784
guys,0.019462478285920935
"Warrendale, PA home",0.019383006685407555
addition,0.019373333453720002
Your Wet Sprinkler System,0.019348214278907414
Learn More PREPARE TO PROTECT.,0.018996365686851428
short educational videos,0.018933157263017718
technicians,0.018923218419805838
both the technical and customer service skills,0.018767740019929
the best available tools,0.01868478271915852
our top concern,0.01867524833146904
Automated External Defibrillators,0.018596047426528813
annual,0.01853096193953641
a property,0.0184852011498336
any property,0.0184852011498336
your property,0.0184852011498336
Cabinets,0.018474290276788114
"Dec 17, 2021 | Company News",0.018333693768844455
"Dec 2, 2021 | Company News",0.018333693768844455
SAVE LIVES,0.0183257628869763
inspection,0.018277405070976523
inspections,0.018277405070976523
Mark Samantha Chain Inside,0.018263806690645413
NFPA,0.018218081619648874
Phone,0.018039979901857215
a great job,0.01801710756710164
Beaver Falls Municipal Authority,0.01788571605652845
manufacturing plant,0.017836846527588983
the required annual test forms,0.017830863991355052
law,0.017805256334995415
Staff Experts,0.01777714251668268
NFPA 13 requirements,0.017607995464709602
the new installation,0.017447813691573336
OUR CUSTOMERS,0.017411888519905303
our customers,0.017411888519905303
their customers,0.017411888519905303
installs,0.017266670389034126
The Pittsburgh Post Gazette,0.01724621947487844
the Pittsburgh Post Gazette,0.01724621947487844
maintenance,0.017238620048517055
791 Commonwealth Drive Warrendale,0.017100820060260393
machines,0.01708483755565834
Industry NewsIt,0.017075105517723996
Industry NewsWe’re,0.017075105517723996
a family-owned business,0.017001747539313973
FAQ,0.016995966425223386
INSIGHTS,0.01696294165321339
mercoid switches,0.01692412831968339
542 and Road Sprinkler Fitters Local Union,0.01683193633993839
Our team,0.016763093523970818
Your Team,0.016763093523970818
Your team,0.016763093523970818
a team,0.016763093523970818
our team,0.016763093523970818
your team,0.016763093523970818
a business,0.016754910051397513
your business,0.016754910051397513
any other public building,0.01671156773101816
a free site survey,0.01671043102032513
dollars,0.01667167227153862
FIRST,0.01660068795878155
First,0.01660068795878155
The good news,0.016516136863933745
Sharpsburg,0.016490003146651378
lighting,0.016479802843278886
Finance,0.016461234948694795
NEWS,0.01637888041549335
Industry News It,0.016267557599645346
Industry News We,0.016267557599645346
a timely manner,0.016149068907847265
Your safety,0.01591248069868387
our mailing list,0.01590519953527724
American Society,0.015898305470982303
private hydrants,0.015818225551880043
adapters,0.01579740919074725
billions,0.015790129830274616
ON STAFF UNION,0.01576942571204655
Food Trucks,0.015738089025549296
competitive pricing,0.015631601713579652
satisfaction,0.015606031224078968
a retail or wholesale business,0.015573983641985326
branches,0.015561168956059399
a complimentary survey,0.015514431389266078
none,0.015407836423269839
fittings,0.015359278721306865
Learn More WHEN YOU NEED TO PROTECT YOUR COMPANY,0.015342049232576208
Off Competitive Salaries Growth,0.015298986529757298
PA 15086 Phone,0.01527420685828849
the very specific code requirements,0.015252901409952899
some local water authorities,0.015161901978116015
Paid Time,0.015134104291595042
Backflows,0.015073873546074713
excellence,0.015048194614337694
workrooms,0.015045701378715219
Tips Schedule,0.014978418609486302
Performance,0.014941852887437884
piping,0.014926268040611231
management,0.014848577934856071
cabinets,0.014749331178512699
"791 Commonwealth Drive Warrendale, PA 15086 Phone",0.01457117556500883
NFPA 2001 and manufactures requirements,0.014534204893467002
long-term relationships,0.01453081787302242
evacuation,0.014521139441361994
Sat,0.014494171826092788
SPRINKLER INSTALLATION & SERVICE For,0.01447210457180973
signs,0.014427797704991493
capabilities,0.014419463727083456
Site by Eleven Eleven Media,0.014379291624993138
finish,0.01431269603516564
your needs,0.014307873024627746
your Local Water Authority,0.014283966631091249
East Liberty,0.01422224735379734
serious work,0.014200236120364676
your organization’s needs,0.01412511380360888
your facility,0.014066735338599659
a similar way,0.014011760933239931
some great tidbits,0.014006787731366183
Automated External Defibrillators Contact Us,0.014001199327667382
a site visit,0.013998390335530958
an outstanding job,0.013957741449195836
your requirements,0.013919904361669523
RPZs,0.013876597082956785
families security,0.013843295280777858
ALL LINES TECHNOLOGY Morgantown Security,0.013787525025040935
second,0.013770858902887217
Older Entries Contact Us,0.013768019172532904
TEAM & SAVE,0.013757355720243756
Backflow Testing – Water Authority Changes,0.013703096844529
wrenches,0.01370161112472871
the installation,0.013633513509670282
Our expert technicians,0.0135844653895048
forestry,0.013520984018401986
Fri,0.013454009143153664
Industrial & Commercial Settings Apr,0.013444968992431292
Proud Member,0.013367449755277901
Appointment,0.013362797015337208
September,0.013296386392572397
gauges,0.01328623983241456
graders,0.013184492073546397
NEED TO KNOW,0.013183916247036237
"Mar 23, 2021 | Security Tips",0.013120150578302512
NFPA-25,0.013116628039606278
residence,0.013077818320737336
(888) 412-FIRE Email,0.013054171821437286
Site by Eleven Eleven,0.012994607281567705
top,0.012971272349538952
care,0.012970270253287315
Sales,0.012965268400214624
ACTION,0.012951979076585735
Time,0.012912002849348746
THE FIRST NAME,0.012890689470836637
The First name,0.012890689470836637
FIRE EXTINGUISHERS & Cabinets Our,0.012870663290536889
hydrant and backflow maintenance,0.012803075289736556
your equipment,0.012799643019496987
Mon,0.012718873252275113
office,0.012608029889827701
trains,0.012559505605666828
car dealership,0.012554303186213167
quick response,0.012554303186213167
superior workmanship,0.012554303186213167
Annual,0.012492691049587463
A Free Consultation Years,0.012471375539737692
JOIN,0.012422726620288323
"May 26, 2021 | FAQ",0.012419956198867169
Our expert staff,0.012409858485251146
THERE,0.012387923183630589
mercoid,0.012228173375741362
the Pittsburgh,0.012135924615562945
PRE,0.012111842372733219
consideration,0.012063033403657645
"Sep 27, 2021 | FAQ",0.012041787701839267
70 years,0.012041092179797923
the years,0.012041092179797923
Common Causes,0.012014792071796324
rebuilds,0.011982500862082402
365 days,0.01193423495575751
Tips,0.011909429985783544
"24/7, 365 days",0.0119050042635083
programs,0.011897349611985176
our licensed workshop,0.011883229609937904
the know,0.011770769102249496
BFMA,0.011736843326664364
", construction company",0.011736739995096767
Industrial & Commercial Settings,0.011684110405653337
Winner,0.011610672798791494
all times,0.011608476056065234
cookies,0.011592786318736985
the technical functions,0.01158346025817396
the leading provider,0.011577543976082258
Holiday Special,0.011544801966439443
Site by Eleven Eleven Media Here’s,0.011538692121469392
well-being,0.011530012354708588
a big part,0.011525986250493
billions of dollars,0.011481211351448483
a Top Workplaces 2020 award,0.011458860389371885
the job,0.011455996314226564
this job,0.011455996314226564
replacement,0.011431129822067634
their fuel source,0.011407980555463357
3 Questions,0.011240404191911434
all questions,0.011240404191911434
any questions,0.011240404191911434
the questions,0.011240404191911434
restaurant,0.011240243891592401
start,0.011201962517470933
DRY,0.011147445541576529
all types,0.011002486932662056
Click For A Free Consultation Years,0.01099222073264672
an emergency,0.010984263185677905
All backflow assemblies,0.01091781320671671
WET,0.010914855136700824
A Free Consultation,0.010909632467546986
The website,0.010907857661041027
a website,0.010907857661041027
Sat-Sun,0.010877371238212924
PREPARE,0.010815003084907165
MSF Technician Inside Sales,0.010808935468425386
WHAT,0.010799273147862023
technology,0.01076456023454217
4 Ways,0.010671726771972876
a way,0.010671726771972876
"Apr 25, 2021 |",0.010581022382654336
Tagged,0.010264361016491726
YOUR COMPANY,0.010229337860838024
Your company,0.010229337860838024
our company,0.010229337860838024
that page,0.010218330333103732
this page,0.010218330333103732
this holiday season,0.010154381177654857
each visit,0.009951456324263653
Click For A Free Consultation,0.009949234954344716
Javascript,0.009918159271650026
these 5 different types,0.009894773353837087
the East Liberty neighborhood,0.009891475424339644
412-FIRE,0.009837103487474349
the most common and critical installations,0.009775898621220636
the proper format,0.009759963765814497
Our testing,0.009671481085732547
Proud,0.009601947103731466
all problems,0.009582177382521331
your front line,0.009581790614030824
", please email",0.009544175815978391
our account rep,0.009535606805013816
your building,0.00944472236192246
an early warning,0.009325611828251696
Mon - Fri,0.009257160726047453
Mon – Fri,0.009257160726047453
modifications,0.009251191088586536
well-trained technicians,0.009236650207351376
Your IP,0.009216460513001184
The Following Types,0.009153113160543323
every inch,0.009128146543598099
81819224df7517f9,0.009113451309785423
8181923faadc42c4,0.009113451309785423
(AA,0.009112093196154232
the clock,0.009038899929551645
an incredible deal,0.009020805034073253
Our experts,0.009004444583259967
today,0.008900127089139676
all the necessary tools,0.008833412030227706
all my years,0.008744053027969823
over 70 years,0.008744053027969823
4:30 p.m.,0.00866461116187863
more than sixty,0.008642031174292582
CRM,0.008631958358270188
the award,0.008622561111999896
that mission,0.00861477818979322
100%,0.008441855492942105
150%,0.008441855492942105
17%,0.008441855492942105
NFPA 2001,0.008414571461778281
Our large fleet,0.00832666936639742
MSF,0.008322982410983363
4 Reasons,0.00831602754503621
a crew,0.008225299368515931
The personal and economic loss,0.008169540279288814
The techs,0.008159519860181675
Your tech,0.008159519860181675
Your techs,0.008159519860181675
Benefits,0.00804129936639043
a minimum,0.007922222908489854
our homes,0.007885553270766765
"~Sean, religious institution",0.007881889588118652
our clients,0.007850095243818921
Exit,0.007778643540418018
Schedule,0.007778643540418018
fact,0.007778643540418018
~Dan,0.007778643540418018
~Laura,0.007778643540418018
~Ryan,0.007778643540418018
HYDRANT & BACKFLOW,0.0077299233337656025
100% and 150%,0.007615480533296945
a free consultation,0.007417843401812993
7:00 a.m.,0.007210085922983916
7:00 a.m. - 3:00 p.m.,0.007190353419202347
7:00 a.m. - 4:30 p.m.,0.007190353419202347
Your staff,0.007094873209070008
5 main classifications,0.00698395876134503
this story,0.0069251119458298635
Dec 17,0.006915555224376863
May 26,0.006885558611927616
the Victaulic Vortex,0.006748429061757088
our people,0.006691257720106607
ONLY ONE NAME,0.0066161449640858416
the form,0.0064143136518072345
our clientele,0.006382094256704446
the event,0.006339088511706738
September 12,0.006141337810400761
Mar 23,0.006097534924795155
the rest,0.006078721736230265
the field,0.006064256747983218
... 4 Reasons,0.006038969285348886
our attention,0.006000417414655689
(haulers,0.0059005531563226495
our corporate headquarters,0.0058770913361166355
our humble beginnings,0.0058770913361166355
his game,0.005870206116248333
a sense,0.005768700423733249
all brands,0.0057252040951100425
the communities,0.005634279096459395
our commitment,0.0056334941104678685
Every workplace,0.00551711791635354
8181918358871774 • Your IP,0.005485081550701228
no interruption,0.005480194436885996
(724) 720-6000 Toll Free,0.005420060377303366
a variety,0.005408117833700884
these components,0.00540553077880425
all sizes,0.005394093525232218
the work,0.005366837477259138
7:00 a.m. -,0.005235851757082731
: 7:00 a.m.,0.005235851757082731
your browser,0.005189502571206689
a stock,0.0051402187771825
the Workplace,0.0051248483333291885
the right,0.005121280455898739
our fleet,0.00508619812830568
the analysis,0.005052411922297516
the-art,0.004980149366881131
a passion,0.004972701238450703
"Aug 18,",0.004915700662078712
all aspects,0.004843399584295761
three trucks,0.00479264825323655
"Mar 23,",0.004427934603121825
a series,0.004420648960315756
81819224df7517f9 •,0.004209322853560929
"Dec 2, 2021",0.004115721466020038
the paperwork,0.004078521588843718
any store,0.004070145352709116
Our vans,0.003592801553592389
The 5 Classes,0.002609036359367148
13,0.0
1946,0.0
20,0.0
2010,0.0
2021,0.0
2022,0.0
2023,0.0
25,0.0
29,0.0
412,0.0
47.23.108.122,0.0
542,0.0
669,0.0
720,0.0
724,0.0
791,0.0
8181916d4f1e4381,0.0
81819173e83943fd,0.0
8181918358871774,0.0
8181921e2a150c90,0.0
888,0.0
He,0.0
It,0.0
ONLY ONE,0.0
One,0.0
That,0.0
Them,0.0
Us,0.0
We,0.0
YOU,0.0
You,0.0
all,0.0
an,0.0
annually,0.0
he,0.0
it,0.0
me,0.0
only $95,0.0
"over 37,000",0.0
that,0.0
them,0.0
they,0.0
this,0.0
three,0.0
us,0.0
we,0.0
what,0.0
which,0.0
you,0.0
~Ray,0.0
’s,0.0
